5.880708568738229891e-02
7.510887476459511547e-03
8.008915960451977456e-02
8.491495998116760369e-02
4.194253177966100754e-02
9.048007886064030059e-02
1.268243879472693257e-02
5.049067208097925835e-02
5.113803554613935431e-02
7.445047669491523801e-02
1.191369467984934073e-02
3.564545080037664210e-02
3.793329213747646117e-02
3.431026365348398277e-02
4.506164665725045232e-02
4.843823564030131507e-02
4.072504708097928611e-02
5.916019303201506402e-02
3.659810499058380878e-02
3.855490819209039105e-02
5.915283662900187173e-02
