-115.80
-116.97
-98.78
-119.54
-161.88
-129.96
-117.68
-155.04
-169.51
-143.18
-155.30
-96.54
-119.48
72.84
-139.31
-130.47
-152.23
-163.42
-147.63
-145.62
-142.66
-149.23
-125.51
-117.70
-153.70
-132.12
-106.67
-161.00
-146.12
-136.54
-145.16
-139.16
-125.21
-126.93
-155.90
-134.08
-130.52
-148.00
-130.54
-130.01
-165.80
-120.51
-132.11
-146.66
-86.80
-124.35
-106.03
-108.15
-133.96
-143.81
-143.50
-111.40
-140.43
-134.07
-146.17
-134.01
-165.15
-119.66
-133.02
-153.61
-127.27
-133.96
-151.26
-165.81
-131.47
-141.56
-132.70
