0.0000 0.0000 0.0000 0.0000 0.0000 0.0000 0.0000 0.0000 0.0000 0.0000 0.0000 0.0000 0.0000 0.0000 0.0000 0.0000 0.0000 0.0000 0.0000 0.0000 0.0000 0.0000 0.0000 0.0000 0.0000 0.0000 0.0000 0.0000 0.0000 0.0000 0.0000 0.0000 0.0000 0.0000 0.0000 0.0000 0.0000 0.0000 0.0000 0.0000 0.0000 0.0000 0.0000 0.0000 0.0000 0.0000 0.0000 0.0000
0.0000 0.0000 10.0000 12.0000 1.0000 68.0000 47.0000 0.0000 5.0000 17.0000 2.0000 3.0000 26.0000 20.0000 27.0000 2.0000 34.0000 11.0000 0.0000 30.0000 18.0000 13.0000 21.0000 8.0000 18.0000 8.0000 6.0000 133.0000 39.0000 4.0000 2.0000 37.0000 154.0000 4.0000 158.0000 41.0000 255.0000 17.0000 7.0000 1.0000 3.0000 77.0000 31.0000 1.0000 6.0000 39.0000 0.0000 47.0000
0.0000 0.0000 0.0000 0.0000 0.0000 0.0000 0.0000 0.0000 0.0000 0.0000 0.0000 0.0000 0.0000 0.0000 0.0000 0.0000 0.0000 0.0000 0.0000 0.0000 0.0000 0.0000 0.0000 0.0000 0.0000 0.0000 0.0000 0.0000 0.0000 0.0000 0.0000 0.0000 0.0000 0.0000 2.0000 0.0000 1.0000 0.0000 0.0000 0.0000 0.0000 0.0000 0.0000 0.0000 0.0000 0.0000 0.0000 0.0000
0.0000 0.0000 0.0000 0.0000 0.0000 0.0000 3.0000 0.0000 0.0000 0.0000 0.0000 0.0000 0.0000 0.0000 0.0000 0.0000 0.0000 2.0000 0.0000 0.0000 0.0000 2.0000 0.0000 0.0000 1.0000 0.0000 0.0000 0.0000 6.0000 0.0000 0.0000 0.0000 9.0000 0.0000 27.0000 1.0000 7.0000 0.0000 0.0000 1.0000 2.0000 20.0000 22.0000 0.0000 1.0000 2.0000 0.0000 0.0000
0.0000 0.0000 8.0000 0.0000 0.0000 25.0000 0.0000 0.0000 0.0000 0.0000 0.0000 0.0000 0.0000 9.0000 2.0000 0.0000 0.0000 1.0000 0.0000 1.0000 1.0000 8.0000 1.0000 3.0000 0.0000 1.0000 0.0000 18.0000 2.0000 0.0000 0.0000 0.0000 4.0000 1.0000 10.0000 0.0000 19.0000 6.0000 0.0000 0.0000 0.0000 0.0000 0.0000 0.0000 0.0000 1.0000 0.0000 1.0000
0.0000 0.0000 0.0000 0.0000 0.0000 0.0000 0.0000 0.0000 0.0000 0.0000 0.0000 0.0000 0.0000 0.0000 0.0000 0.0000 0.0000 0.0000 0.0000 0.0000 0.0000 0.0000 0.0000 0.0000 0.0000 0.0000 0.0000 0.0000 0.0000 0.0000 0.0000 0.0000 0.0000 0.0000 0.0000 0.0000 0.0000 0.0000 0.0000 0.0000 0.0000 0.0000 0.0000 0.0000 0.0000 0.0000 0.0000 0.0000
0.0000 0.0000 0.0000 0.0000 0.0000 0.0000 0.0000 0.0000 0.0000 0.0000 0.0000 0.0000 0.0000 1.0000 0.0000 1.0000 0.0000 0.0000 0.0000 0.0000 2.0000 0.0000 0.0000 0.0000 2.0000 0.0000 0.0000 3.0000 0.0000 0.0000 0.0000 2.0000 11.0000 0.0000 10.0000 0.0000 5.0000 2.0000 0.0000 0.0000 0.0000 11.0000 12.0000 0.0000 0.0000 1.0000 0.0000 1.0000
0.0000 0.0000 0.0000 11.0000 1.0000 80.0000 28.0000 0.0000 7.0000 5.0000 2.0000 1.0000 2.0000 5.0000 2.0000 4.0000 21.0000 2.0000 0.0000 3.0000 13.0000 1.0000 3.0000 5.0000 31.0000 9.0000 5.0000 29.0000 39.0000 5.0000 1.0000 0.0000 77.0000 3.0000 97.0000 22.0000 164.0000 8.0000 5.0000 1.0000 1.0000 26.0000 24.0000 0.0000 6.0000 32.0000 0.0000 50.0000
0.0000 0.0000 0.0000 11.0000 0.0000 0.0000 0.0000 0.0000 0.0000 0.0000 0.0000 0.0000 0.0000 3.0000 0.0000 0.0000 0.0000 0.0000 0.0000 0.0000 2.0000 0.0000 1.0000 0.0000 5.0000 0.0000 2.0000 1.0000 0.0000 0.0000 0.0000 0.0000 21.0000 0.0000 15.0000 3.0000 56.0000 1.0000 1.0000 0.0000 0.0000 3.0000 2.0000 0.0000 0.0000 2.0000 0.0000 1.0000
0.0000 0.0000 0.0000 0.0000 0.0000 0.0000 1.0000 0.0000 1.0000 0.0000 0.0000 0.0000 0.0000 0.0000 1.0000 0.0000 12.0000 2.0000 0.0000 10.0000 1.0000 0.0000 0.0000 5.0000 0.0000 3.0000 1.0000 0.0000 26.0000 2.0000 0.0000 0.0000 1.0000 0.0000 5.0000 1.0000 22.0000 3.0000 0.0000 0.0000 0.0000 0.0000 0.0000 0.0000 0.0000 0.0000 0.0000 9.0000
0.0000 0.0000 8.0000 0.0000 0.0000 2.0000 0.0000 0.0000 0.0000 10.0000 0.0000 0.0000 0.0000 3.0000 0.0000 0.0000 0.0000 0.0000 0.0000 2.0000 1.0000 0.0000 0.0000 0.0000 5.0000 0.0000 0.0000 4.0000 3.0000 4.0000 1.0000 0.0000 12.0000 0.0000 20.0000 5.0000 8.0000 6.0000 0.0000 0.0000 0.0000 1.0000 4.0000 0.0000 0.0000 1.0000 0.0000 12.0000
0.0000 0.0000 0.0000 0.0000 0.0000 0.0000 0.0000 0.0000 0.0000 0.0000 0.0000 0.0000 0.0000 0.0000 0.0000 0.0000 0.0000 0.0000 0.0000 0.0000 0.0000 0.0000 0.0000 0.0000 0.0000 0.0000 0.0000 0.0000 0.0000 0.0000 0.0000 0.0000 6.0000 0.0000 3.0000 0.0000 2.0000 0.0000 0.0000 0.0000 0.0000 0.0000 0.0000 0.0000 1.0000 0.0000 0.0000 1.0000
0.0000 0.0000 0.0000 0.0000 0.0000 0.0000 0.0000 0.0000 0.0000 0.0000 0.0000 0.0000 0.0000 0.0000 0.0000 0.0000 0.0000 0.0000 0.0000 0.0000 0.0000 0.0000 0.0000 0.0000 0.0000 0.0000 1.0000 0.0000 0.0000 0.0000 0.0000 0.0000 0.0000 0.0000 0.0000 0.0000 0.0000 1.0000 0.0000 0.0000 1.0000 0.0000 0.0000 0.0000 0.0000 0.0000 0.0000 0.0000
0.0000 0.0000 0.0000 0.0000 0.0000 0.0000 0.0000 0.0000 0.0000 0.0000 0.0000 0.0000 0.0000 0.0000 0.0000 0.0000 0.0000 0.0000 0.0000 0.0000 0.0000 0.0000 0.0000 0.0000 0.0000 0.0000 0.0000 0.0000 2.0000 0.0000 0.0000 0.0000 0.0000 0.0000 0.0000 0.0000 0.0000 0.0000 0.0000 0.0000 0.0000 0.0000 0.0000 0.0000 0.0000 0.0000 0.0000 0.0000
0.0000 0.0000 0.0000 0.0000 0.0000 1.0000 3.0000 0.0000 0.0000 15.0000 0.0000 2.0000 0.0000 4.0000 0.0000 1.0000 3.0000 6.0000 0.0000 0.0000 6.0000 1.0000 3.0000 0.0000 0.0000 0.0000 0.0000 15.0000 0.0000 3.0000 0.0000 0.0000 2.0000 0.0000 36.0000 21.0000 11.0000 0.0000 1.0000 0.0000 0.0000 1.0000 0.0000 0.0000 0.0000 2.0000 0.0000 2.0000
0.0000 0.0000 0.0000 0.0000 0.0000 0.0000 0.0000 0.0000 0.0000 0.0000 0.0000 0.0000 0.0000 0.0000 0.0000 0.0000 0.0000 0.0000 0.0000 0.0000 0.0000 0.0000 0.0000 0.0000 3.0000 0.0000 0.0000 0.0000 0.0000 0.0000 0.0000 0.0000 0.0000 0.0000 2.0000 0.0000 0.0000 1.0000 0.0000 0.0000 0.0000 0.0000 0.0000 0.0000 0.0000 0.0000 0.0000 0.0000
0.0000 0.0000 0.0000 0.0000 0.0000 5.0000 1.0000 0.0000 1.0000 0.0000 0.0000 0.0000 5.0000 1.0000 1.0000 1.0000 0.0000 0.0000 0.0000 0.0000 1.0000 0.0000 0.0000 0.0000 2.0000 0.0000 0.0000 1.0000 0.0000 0.0000 0.0000 0.0000 1.0000 0.0000 19.0000 1.0000 10.0000 2.0000 0.0000 0.0000 0.0000 0.0000 1.0000 0.0000 1.0000 1.0000 0.0000 0.0000
0.0000 0.0000 0.0000 1.0000 0.0000 10.0000 2.0000 0.0000 0.0000 1.0000 0.0000 0.0000 1.0000 0.0000 1.0000 0.0000 2.0000 0.0000 0.0000 2.0000 2.0000 1.0000 0.0000 3.0000 6.0000 1.0000 0.0000 0.0000 0.0000 0.0000 0.0000 0.0000 49.0000 2.0000 44.0000 4.0000 24.0000 5.0000 0.0000 1.0000 0.0000 0.0000 1.0000 0.0000 0.0000 5.0000 0.0000 0.0000
0.0000 0.0000 0.0000 0.0000 0.0000 0.0000 1.0000 0.0000 0.0000 0.0000 0.0000 2.0000 0.0000 0.0000 0.0000 0.0000 0.0000 0.0000 0.0000 0.0000 0.0000 0.0000 0.0000 0.0000 1.0000 0.0000 0.0000 4.0000 1.0000 0.0000 0.0000 0.0000 0.0000 0.0000 0.0000 0.0000 0.0000 0.0000 1.0000 0.0000 0.0000 0.0000 0.0000 0.0000 0.0000 0.0000 0.0000 0.0000
0.0000 0.0000 0.0000 0.0000 1.0000 18.0000 1.0000 0.0000 0.0000 0.0000 0.0000 0.0000 2.0000 0.0000 1.0000 0.0000 14.0000 0.0000 0.0000 0.0000 0.0000 0.0000 0.0000 0.0000 0.0000 0.0000 0.0000 1.0000 0.0000 0.0000 0.0000 0.0000 0.0000 0.0000 7.0000 0.0000 45.0000 1.0000 0.0000 0.0000 0.0000 0.0000 0.0000 0.0000 0.0000 2.0000 0.0000 0.0000
0.0000 0.0000 0.0000 0.0000 0.0000 0.0000 0.0000 0.0000 0.0000 0.0000 0.0000 0.0000 0.0000 2.0000 0.0000 0.0000 0.0000 0.0000 0.0000 0.0000 0.0000 2.0000 0.0000 0.0000 0.0000 0.0000 0.0000 0.0000 3.0000 2.0000 0.0000 0.0000 25.0000 0.0000 1.0000 1.0000 1.0000 2.0000 0.0000 0.0000 0.0000 0.0000 0.0000 0.0000 0.0000 2.0000 0.0000 1.0000
0.0000 0.0000 0.0000 0.0000 0.0000 0.0000 0.0000 0.0000 9.0000 0.0000 0.0000 0.0000 0.0000 0.0000 0.0000 0.0000 0.0000 0.0000 0.0000 0.0000 0.0000 0.0000 0.0000 0.0000 0.0000 0.0000 0.0000 0.0000 0.0000 0.0000 0.0000 0.0000 2.0000 0.0000 0.0000 0.0000 0.0000 0.0000 0.0000 0.0000 0.0000 0.0000 0.0000 0.0000 0.0000 0.0000 0.0000 0.0000
0.0000 0.0000 1.0000 0.0000 0.0000 0.0000 0.0000 0.0000 0.0000 0.0000 0.0000 0.0000 0.0000 6.0000 0.0000 0.0000 0.0000 0.0000 0.0000 0.0000 0.0000 0.0000 0.0000 0.0000 0.0000 0.0000 1.0000 0.0000 0.0000 0.0000 0.0000 0.0000 1.0000 0.0000 6.0000 1.0000 1.0000 0.0000 0.0000 0.0000 0.0000 0.0000 0.0000 0.0000 0.0000 0.0000 0.0000 1.0000
0.0000 0.0000 0.0000 0.0000 0.0000 1.0000 0.0000 0.0000 0.0000 0.0000 0.0000 0.0000 0.0000 1.0000 0.0000 0.0000 2.0000 0.0000 0.0000 0.0000 0.0000 0.0000 0.0000 0.0000 0.0000 0.0000 0.0000 0.0000 0.0000 0.0000 0.0000 0.0000 0.0000 0.0000 0.0000 0.0000 2.0000 0.0000 0.0000 0.0000 0.0000 0.0000 0.0000 0.0000 0.0000 0.0000 0.0000 0.0000
0.0000 0.0000 0.0000 0.0000 0.0000 0.0000 0.0000 0.0000 0.0000 0.0000 0.0000 0.0000 0.0000 0.0000 0.0000 0.0000 0.0000 0.0000 0.0000 0.0000 0.0000 0.0000 0.0000 0.0000 0.0000 0.0000 0.0000 0.0000 0.0000 0.0000 0.0000 0.0000 0.0000 0.0000 0.0000 0.0000 2.0000 0.0000 1.0000 0.0000 0.0000 0.0000 0.0000 0.0000 0.0000 0.0000 0.0000 0.0000
0.0000 0.0000 1.0000 3.0000 0.0000 0.0000 3.0000 0.0000 0.0000 0.0000 0.0000 0.0000 0.0000 0.0000 0.0000 0.0000 11.0000 0.0000 0.0000 0.0000 0.0000 0.0000 0.0000 0.0000 22.0000 0.0000 0.0000 0.0000 0.0000 4.0000 0.0000 0.0000 6.0000 0.0000 11.0000 0.0000 7.0000 4.0000 1.0000 0.0000 0.0000 0.0000 0.0000 0.0000 0.0000 2.0000 0.0000 0.0000
0.0000 0.0000 0.0000 0.0000 0.0000 0.0000 2.0000 0.0000 0.0000 0.0000 0.0000 0.0000 0.0000 0.0000 1.0000 0.0000 1.0000 1.0000 0.0000 0.0000 0.0000 0.0000 0.0000 0.0000 0.0000 0.0000 0.0000 13.0000 0.0000 0.0000 0.0000 0.0000 9.0000 0.0000 0.0000 0.0000 1.0000 0.0000 0.0000 0.0000 0.0000 0.0000 0.0000 0.0000 0.0000 0.0000 0.0000 13.0000
0.0000 0.0000 8.0000 0.0000 0.0000 0.0000 2.0000 0.0000 0.0000 0.0000 0.0000 0.0000 1.0000 0.0000 0.0000 0.0000 0.0000 0.0000 0.0000 0.0000 0.0000 0.0000 0.0000 5.0000 0.0000 0.0000 0.0000 0.0000 0.0000 0.0000 1.0000 0.0000 32.0000 0.0000 1.0000 0.0000 16.0000 0.0000 1.0000 0.0000 0.0000 0.0000 0.0000 0.0000 0.0000 1.0000 0.0000 4.0000
0.0000 0.0000 0.0000 0.0000 0.0000 0.0000 0.0000 0.0000 0.0000 0.0000 0.0000 1.0000 0.0000 0.0000 2.0000 0.0000 0.0000 0.0000 0.0000 0.0000 0.0000 0.0000 0.0000 0.0000 2.0000 0.0000 0.0000 1.0000 0.0000 0.0000 0.0000 0.0000 1.0000 0.0000 4.0000 1.0000 2.0000 1.0000 0.0000 0.0000 0.0000 1.0000 1.0000 0.0000 0.0000 1.0000 0.0000 14.0000
0.0000 0.0000 1.0000 0.0000 0.0000 2.0000 5.0000 0.0000 0.0000 0.0000 0.0000 0.0000 1.0000 9.0000 1.0000 0.0000 0.0000 0.0000 0.0000 0.0000 1.0000 6.0000 0.0000 0.0000 0.0000 0.0000 0.0000 0.0000 11.0000 0.0000 0.0000 0.0000 12.0000 0.0000 7.0000 0.0000 7.0000 2.0000 0.0000 0.0000 0.0000 23.0000 22.0000 0.0000 0.0000 3.0000 0.0000 0.0000
0.0000 0.0000 0.0000 0.0000 0.0000 1.0000 0.0000 0.0000 0.0000 0.0000 0.0000 0.0000 0.0000 0.0000 0.0000 0.0000 0.0000 0.0000 0.0000 0.0000 0.0000 0.0000 0.0000 0.0000 0.0000 3.0000 0.0000 0.0000 0.0000 0.0000 0.0000 0.0000 1.0000 0.0000 2.0000 3.0000 1.0000 0.0000 0.0000 0.0000 0.0000 1.0000 0.0000 0.0000 0.0000 0.0000 0.0000 0.0000
0.0000 0.0000 0.0000 0.0000 0.0000 0.0000 0.0000 0.0000 0.0000 0.0000 0.0000 0.0000 0.0000 0.0000 0.0000 0.0000 0.0000 0.0000 0.0000 0.0000 0.0000 0.0000 0.0000 0.0000 0.0000 0.0000 0.0000 0.0000 0.0000 0.0000 0.0000 0.0000 0.0000 0.0000 0.0000 0.0000 0.0000 0.0000 0.0000 0.0000 0.0000 0.0000 0.0000 0.0000 0.0000 0.0000 0.0000 0.0000
0.0000 0.0000 0.0000 0.0000 0.0000 0.0000 0.0000 0.0000 0.0000 0.0000 0.0000 0.0000 27.0000 0.0000 0.0000 0.0000 0.0000 0.0000 0.0000 0.0000 0.0000 0.0000 0.0000 0.0000 0.0000 0.0000 0.0000 1.0000 0.0000 0.0000 0.0000 0.0000 0.0000 0.0000 19.0000 0.0000 21.0000 0.0000 0.0000 0.0000 0.0000 0.0000 0.0000 0.0000 1.0000 0.0000 0.0000 18.0000
0.0000 0.0000 1.0000 0.0000 0.0000 0.0000 0.0000 0.0000 0.0000 1.0000 0.0000 0.0000 0.0000 0.0000 0.0000 0.0000 0.0000 0.0000 0.0000 0.0000 0.0000 0.0000 0.0000 0.0000 0.0000 0.0000 0.0000 1.0000 0.0000 0.0000 0.0000 0.0000 0.0000 0.0000 1.0000 0.0000 0.0000 0.0000 0.0000 0.0000 0.0000 0.0000 0.0000 0.0000 0.0000 0.0000 0.0000 0.0000
0.0000 0.0000 1.0000 0.0000 0.0000 10.0000 15.0000 0.0000 4.0000 3.0000 2.0000 3.0000 1.0000 0.0000 1.0000 2.0000 16.0000 1.0000 0.0000 1.0000 21.0000 0.0000 4.0000 0.0000 22.0000 3.0000 3.0000 14.0000 28.0000 6.0000 0.0000 0.0000 48.0000 0.0000 0.0000 30.0000 16.0000 9.0000 0.0000 0.0000 0.0000 5.0000 1.0000 0.0000 3.0000 18.0000 0.0000 9.0000
0.0000 0.0000 0.0000 0.0000 0.0000 0.0000 0.0000 0.0000 0.0000 0.0000 1.0000 0.0000 0.0000 0.0000 0.0000 0.0000 0.0000 0.0000 0.0000 0.0000 0.0000 0.0000 0.0000 0.0000 0.0000 0.0000 0.0000 5.0000 1.0000 0.0000 0.0000 0.0000 0.0000 0.0000 4.0000 0.0000 20.0000 0.0000 0.0000 0.0000 0.0000 0.0000 0.0000 0.0000 0.0000 2.0000 0.0000 0.0000
0.0000 0.0000 0.0000 0.0000 0.0000 1.0000 0.0000 0.0000 1.0000 1.0000 0.0000 0.0000 1.0000 0.0000 0.0000 0.0000 0.0000 0.0000 0.0000 0.0000 1.0000 0.0000 0.0000 0.0000 0.0000 0.0000 0.0000 2.0000 2.0000 0.0000 0.0000 0.0000 4.0000 0.0000 2.0000 0.0000 0.0000 0.0000 0.0000 0.0000 0.0000 0.0000 0.0000 0.0000 0.0000 0.0000 0.0000 0.0000
0.0000 0.0000 0.0000 0.0000 0.0000 1.0000 0.0000 0.0000 1.0000 2.0000 0.0000 0.0000 6.0000 0.0000 0.0000 1.0000 1.0000 0.0000 0.0000 0.0000 1.0000 2.0000 2.0000 0.0000 0.0000 0.0000 0.0000 6.0000 0.0000 0.0000 0.0000 0.0000 3.0000 0.0000 11.0000 0.0000 1.0000 0.0000 2.0000 1.0000 2.0000 25.0000 21.0000 1.0000 0.0000 11.0000 0.0000 26.0000
0.0000 0.0000 0.0000 0.0000 0.0000 0.0000 1.0000 0.0000 1.0000 0.0000 0.0000 0.0000 0.0000 1.0000 0.0000 2.0000 2.0000 0.0000 0.0000 0.0000 1.0000 0.0000 2.0000 0.0000 1.0000 0.0000 1.0000 1.0000 1.0000 0.0000 0.0000 0.0000 11.0000 0.0000 7.0000 10.0000 0.0000 0.0000 0.0000 0.0000 0.0000 2.0000 0.0000 0.0000 0.0000 0.0000 0.0000 9.0000
0.0000 0.0000 0.0000 0.0000 0.0000 0.0000 0.0000 0.0000 0.0000 0.0000 0.0000 0.0000 0.0000 0.0000 2.0000 0.0000 0.0000 0.0000 0.0000 0.0000 0.0000 0.0000 0.0000 0.0000 0.0000 0.0000 0.0000 0.0000 0.0000 0.0000 0.0000 0.0000 0.0000 0.0000 0.0000 1.0000 0.0000 0.0000 0.0000 0.0000 0.0000 0.0000 0.0000 0.0000 0.0000 0.0000 0.0000 0.0000
0.0000 0.0000 0.0000 0.0000 0.0000 7.0000 0.0000 0.0000 3.0000 0.0000 0.0000 0.0000 0.0000 0.0000 0.0000 0.0000 0.0000 0.0000 0.0000 0.0000 0.0000 1.0000 0.0000 0.0000 0.0000 1.0000 0.0000 2.0000 0.0000 0.0000 0.0000 0.0000 8.0000 0.0000 0.0000 0.0000 1.0000 0.0000 0.0000 0.0000 0.0000 0.0000 0.0000 0.0000 0.0000 0.0000 0.0000 3.0000
0.0000 0.0000 1.0000 1.0000 0.0000 0.0000 0.0000 0.0000 3.0000 0.0000 0.0000 0.0000 1.0000 1.0000 0.0000 0.0000 0.0000 0.0000 0.0000 0.0000 1.0000 0.0000 0.0000 0.0000 0.0000 0.0000 0.0000 3.0000 2.0000 0.0000 0.0000 0.0000 5.0000 2.0000 18.0000 29.0000 9.0000 1.0000 0.0000 0.0000 0.0000 0.0000 0.0000 0.0000 0.0000 1.0000 0.0000 2.0000
0.0000 0.0000 0.0000 0.0000 0.0000 0.0000 0.0000 0.0000 0.0000 0.0000 0.0000 0.0000 0.0000 0.0000 0.0000 0.0000 0.0000 1.0000 0.0000 0.0000 2.0000 0.0000 0.0000 0.0000 0.0000 0.0000 0.0000 0.0000 0.0000 0.0000 0.0000 0.0000 1.0000 0.0000 3.0000 1.0000 40.0000 0.0000 0.0000 0.0000 0.0000 1.0000 0.0000 0.0000 0.0000 0.0000 0.0000 5.0000
0.0000 0.0000 0.0000 0.0000 0.0000 0.0000 0.0000 0.0000 0.0000 0.0000 0.0000 0.0000 0.0000 0.0000 0.0000 0.0000 0.0000 0.0000 0.0000 0.0000 0.0000 0.0000 0.0000 0.0000 0.0000 0.0000 0.0000 1.0000 0.0000 0.0000 0.0000 1.0000 0.0000 0.0000 0.0000 0.0000 0.0000 0.0000 0.0000 0.0000 0.0000 0.0000 0.0000 0.0000 0.0000 0.0000 0.0000 0.0000
0.0000 0.0000 0.0000 0.0000 0.0000 8.0000 0.0000 0.0000 0.0000 0.0000 0.0000 0.0000 0.0000 0.0000 0.0000 0.0000 0.0000 0.0000 0.0000 0.0000 0.0000 0.0000 0.0000 0.0000 0.0000 0.0000 0.0000 0.0000 0.0000 0.0000 0.0000 0.0000 2.0000 0.0000 0.0000 0.0000 0.0000 0.0000 0.0000 0.0000 0.0000 0.0000 0.0000 0.0000 0.0000 0.0000 0.0000 0.0000
0.0000 0.0000 0.0000 0.0000 0.0000 0.0000 6.0000 0.0000 9.0000 5.0000 0.0000 0.0000 0.0000 10.0000 0.0000 0.0000 1.0000 6.0000 0.0000 0.0000 0.0000 10.0000 0.0000 1.0000 0.0000 0.0000 0.0000 0.0000 3.0000 0.0000 0.0000 0.0000 1.0000 0.0000 32.0000 0.0000 0.0000 5.0000 2.0000 0.0000 1.0000 0.0000 0.0000 0.0000 0.0000 0.0000 0.0000 2.0000
0.0000 0.0000 0.0000 0.0000 0.0000 0.0000 0.0000 0.0000 0.0000 0.0000 0.0000 0.0000 0.0000 0.0000 0.0000 0.0000 0.0000 0.0000 0.0000 0.0000 0.0000 0.0000 0.0000 0.0000 0.0000 0.0000 0.0000 0.0000 0.0000 0.0000 0.0000 0.0000 0.0000 0.0000 0.0000 0.0000 0.0000 0.0000 0.0000 0.0000 0.0000 0.0000 0.0000 0.0000 0.0000 0.0000 0.0000 0.0000
0.0000 0.0000 0.0000 0.0000 0.0000 4.0000 17.0000 0.0000 11.0000 5.0000 0.0000 2.0000 0.0000 10.0000 3.0000 1.0000 23.0000 3.0000 0.0000 0.0000 2.0000 13.0000 12.0000 0.0000 19.0000 2.0000 2.0000 1.0000 6.0000 1.0000 1.0000 37.0000 79.0000 3.0000 63.0000 6.0000 114.0000 10.0000 2.0000 1.0000 1.0000 28.0000 23.0000 0.0000 1.0000 4.0000 0.0000 0.0000
