exemple n:
[[3 0 0 0 4 0]
 [0 3 3 2 0 0]
 [1 0 0 2 0 4]
 [0 1 1 0 0 0]]
exemple w:
[[ 0.5    0.125  0.125  0.125  0.625  0.125]
 [ 0.125  0.5    0.5    0.375  0.125  0.125]
 [ 0.25   0.125  0.125  0.375  0.125  0.625]
 [ 0.125  0.25   0.25   0.125  0.125  0.125]]
exemple S:
[ 0.25        0.25        0.25        0.18872188  0.45120506  0.45120506]
argmax: 
[3 1 2 0 0 0]
P0: 
0.006103515625
f0:
[ 0.27083333  0.29166667  0.27083333  0.16666667]
l: 
[ 3.73716248]
==== test end ====

D shape: 5643 48
N 
[[   0 4107   57 ...,  193    0 1348]
 [   0    0   10 ...,   42    0   95]
 [   0    0    1 ...,    0    0    0]
 ..., 
 [   0    0    0 ...,    0    0    0]
 [   0    0    0 ...,  100    0    0]
 [1773  879  464 ...,  320  383 2001]]
N Shape:
(21, 48)
W: 
[[  1.76553672e-04   7.25282486e-01   1.02401130e-02 ...,   3.42514124e-02
    1.76553672e-04   2.38170904e-01]
 [  1.76553672e-04   1.76553672e-04   1.94209040e-03 ...,   7.59180791e-03
    1.76553672e-04   1.69491525e-02]
 [  1.76553672e-04   1.76553672e-04   3.53107345e-04 ...,   1.76553672e-04
    1.76553672e-04   1.76553672e-04]
 ..., 
 [  1.76553672e-04   1.76553672e-04   1.76553672e-04 ...,   1.76553672e-04
    1.76553672e-04   1.76553672e-04]
 [  1.76553672e-04   1.76553672e-04   1.76553672e-04 ...,   1.78319209e-02
    1.76553672e-04   1.76553672e-04]
 [  3.13206215e-01   1.55367232e-01   8.20974576e-02 ...,   5.66737288e-02
    6.77966102e-02   3.53460452e-01]]
W Shape: 
(21, 48)
S0: 
[ 1.85476633  3.18077792  2.05319382  2.53568315  1.9140966   2.82157361
  0.73424974  1.99416979  0.79115378  0.6202211   1.18264986  1.45434222
  2.80863168  3.16855572  1.60729655  2.51440497  0.81070125  1.39964613
  3.22080975  2.45429088  1.04633148  2.29252912  0.59942831  2.29142322
  1.59356996  1.06695729  0.79152959  0.54565914  1.16188277  1.02144959
  1.76235378  4.17682738  1.96045244  0.77906727  2.57718029  1.05852036
  0.63617147  0.45471578  1.15729284  2.37264241  2.22108705  0.83146074
  0.77876262  3.87551396  1.28462265  2.20552991  3.98627283  2.0581654 ]
S0 Length: 
(48,)
f0:
[ 0.05880709  0.00751089  0.08008916  0.08491496  0.04194253  0.09048008
  0.01268244  0.05049067  0.05113804  0.07445048  0.01191369  0.03564545
  0.03793329  0.03431026  0.04506165  0.04843824  0.04072505  0.05916019
  0.0365981   0.03855491  0.05915284]
f0 Length:
(21,)
L:
[-115.79642121 -116.97067757  -98.77761076 -119.54265538 -161.88402549
 -129.9559493  -117.67621582 -155.03902809 -169.51474735 -143.18165511
 -155.30035036  -96.53548822 -119.48296348   72.84331609 -139.31137984
 -130.46926028 -152.22619015 -163.42192392 -147.62988788 -145.62432011
 -142.66217743 -149.23171864 -125.50762874 -117.69801127 -153.70149829
 -132.12024146 -106.66879589 -161.00431197 -146.12346236 -136.53609245
 -145.16138482 -139.16307927 -125.21380256 -126.92954122 -155.90445156
 -134.07806655 -130.5234111  -148.00077981 -130.54172021 -130.00971075
 -165.79996066 -120.50871768 -132.11248035 -146.66020756  -86.80389798
 -124.35200486 -106.03151696 -108.14885096 -133.96017997 -143.81263346
 -143.49774911 -111.4033755  -140.4298707  -134.06689891 -146.16743336
 -134.00652005 -165.15030463 -119.65776105 -133.01689592 -153.60946889
 -127.27260979 -133.96372647 -151.26389625 -165.80645003 -131.46725556
 -141.56367951 -132.69935928]
L Length:
(67,)
pMax: 
13
pMax sequence: 
['K' 'A' 'L' 'Y' 'D' 'F' 'A' 'G' 'Q' 'S' 'A' 'G' 'E' 'L' 'S' 'L' 'G' 'K'
 'D' 'E' 'I' 'I' 'L' 'V' 'T' 'Q' 'K' 'E' 'N' 'N' 'G' 'W' 'W' 'L' 'A' 'S'
 'R' 'L' 'D' 'K' 'S' 'A' 'S' 'G' 'W' 'A' 'P' 'S']
Max Log Vraisemblance:  [ 72.84331609]
