8.571049718688273700e+00
9.556476944619369362e+00
6.521586541685711502e+00
9.155536066149842611e+00
5.236591709607671064e+00
1.036230912053590814e+01
3.332553137284740785e+00
2.906932549934383658e+00
3.044442009749355194e+00
2.547541062225453956e+00
2.383889085981568456e+00
4.977510810120462814e+00
8.486464955277320144e+00
9.581578736074185088e+00
4.335704463323395430e+00
7.961827411054955839e+00
3.070898361428657353e+00
2.249707533227731204e+00
9.398625460348295491e+00
6.427924279698341792e+00
4.454610711778610010e+00
7.719433218028925126e+00
3.801642010007668659e+00
7.253174069672598812e+00
6.210944447758131481e+00
3.276629624056027978e+00
3.759030262228010955e+00
3.191251982768704920e+00
3.446265348253435334e+00
2.349775292707516172e+00
5.750071423175098673e+00
1.222071434444417903e+01
7.150824902706180097e+00
3.514085819381191911e+00
6.425113146660843988e+00
4.896672383235514125e+00
4.234179414750405712e+00
1.483487320779090624e+00
5.375197099366676667e+00
8.892960447238749566e+00
7.520343804595252202e+00
3.430647100163485064e+00
4.537981775787555350e+00
1.133380431631285745e+01
6.057897448786453864e+00
8.403563767553645647e+00
1.184107878726053897e+01
6.787382374305252597e+00
