0.00 0.73 0.01 0.02 0.06 0.00 0.04 0.49 0.08 0.05 0.08 0.01 0.01 0.01 0.06 0.01 0.04 0.11 0.01 0.06 0.02 0.00 0.02 0.00 0.01 0.03 0.03 0.03 0.03 0.04 0.00 0.00 0.03 0.01 0.21 0.02 0.02 0.06 0.05 0.00 0.01 0.04 0.02 0.01 0.00 0.03 0.00 0.24
0.00 0.00 0.00 0.00 0.00 0.02 0.01 0.00 0.01 0.00 0.00 0.00 0.01 0.01 0.00 0.00 0.01 0.00 0.00 0.01 0.01 0.00 0.01 0.00 0.01 0.00 0.00 0.03 0.01 0.00 0.00 0.01 0.04 0.00 0.04 0.01 0.06 0.00 0.00 0.00 0.00 0.01 0.01 0.00 0.00 0.01 0.00 0.02
0.00 0.00 0.00 0.00 0.54 0.00 0.09 0.00 0.07 0.11 0.23 0.41 0.18 0.00 0.04 0.00 0.04 0.02 0.07 0.54 0.01 0.00 0.04 0.01 0.01 0.14 0.09 0.11 0.36 0.24 0.20 0.00 0.00 0.02 0.00 0.01 0.03 0.05 0.11 0.03 0.01 0.02 0.01 0.00 0.00 0.00 0.00 0.00
0.00 0.00 0.02 0.00 0.04 0.00 0.20 0.01 0.13 0.13 0.21 0.09 0.70 0.00 0.07 0.00 0.09 0.22 0.00 0.28 0.05 0.00 0.13 0.01 0.01 0.26 0.08 0.11 0.13 0.18 0.11 0.00 0.00 0.20 0.00 0.22 0.00 0.05 0.03 0.01 0.02 0.10 0.17 0.00 0.00 0.00 0.00 0.00
0.00 0.00 0.00 0.13 0.00 0.40 0.00 0.00 0.00 0.00 0.00 0.00 0.00 0.00 0.00 0.54 0.01 0.00 0.00 0.00 0.02 0.06 0.03 0.00 0.02 0.00 0.02 0.00 0.00 0.00 0.00 0.00 0.07 0.04 0.00 0.00 0.02 0.00 0.00 0.00 0.00 0.00 0.04 0.00 0.09 0.46 0.00 0.00
0.00 0.00 0.00 0.00 0.01 0.00 0.00 0.14 0.03 0.09 0.03 0.14 0.01 0.00 0.06 0.00 0.01 0.00 0.81 0.00 0.00 0.00 0.00 0.00 0.00 0.05 0.01 0.02 0.07 0.14 0.41 0.00 0.00 0.01 0.56 0.01 0.01 0.09 0.06 0.03 0.56 0.04 0.00 0.93 0.00 0.00 0.00 0.00
0.00 0.00 0.00 0.05 0.00 0.01 0.01 0.00 0.01 0.05 0.03 0.01 0.01 0.00 0.00 0.00 0.03 0.00 0.01 0.00 0.01 0.00 0.04 0.01 0.02 0.02 0.02 0.02 0.01 0.01 0.02 0.00 0.00 0.01 0.00 0.02 0.04 0.04 0.01 0.00 0.01 0.02 0.01 0.00 0.00 0.00 0.00 0.02
0.10 0.00 0.12 0.00 0.00 0.00 0.02 0.00 0.01 0.01 0.00 0.01 0.00 0.11 0.00 0.07 0.01 0.02 0.00 0.00 0.27 0.42 0.07 0.25 0.23 0.00 0.01 0.07 0.00 0.01 0.00 0.00 0.01 0.02 0.02 0.02 0.09 0.04 0.00 0.00 0.00 0.02 0.08 0.00 0.14 0.14 0.00 0.00
0.13 0.00 0.07 0.01 0.02 0.00 0.08 0.05 0.04 0.04 0.03 0.02 0.00 0.00 0.01 0.00 0.22 0.32 0.00 0.00 0.08 0.00 0.05 0.01 0.01 0.09 0.26 0.03 0.04 0.04 0.00 0.00 0.00 0.15 0.00 0.12 0.06 0.08 0.04 0.01 0.02 0.19 0.06 0.00 0.00 0.00 0.00 0.04
0.00 0.00 0.56 0.01 0.00 0.00 0.01 0.00 0.01 0.01 0.00 0.01 0.00 0.78 0.00 0.25 0.03 0.01 0.00 0.00 0.08 0.25 0.06 0.15 0.39 0.01 0.01 0.03 0.01 0.01 0.01 0.00 0.10 0.10 0.00 0.01 0.19 0.09 0.01 0.00 0.00 0.03 0.01 0.00 0.27 0.03 0.00 0.00
0.00 0.00 0.04 0.00 0.00 0.00 0.02 0.00 0.01 0.01 0.00 0.00 0.00 0.02 0.00 0.04 0.02 0.00 0.00 0.00 0.02 0.03 0.02 0.00 0.03 0.00 0.03 0.01 0.00 0.01 0.01 0.00 0.03 0.03 0.00 0.02 0.02 0.02 0.00 0.00 0.00 0.01 0.01 0.00 0.06 0.00 0.00 0.00
0.00 0.00 0.00 0.00 0.07 0.01 0.04 0.00 0.05 0.14 0.03 0.10 0.00 0.00 0.05 0.00 0.04 0.00 0.07 0.01 0.01 0.00 0.03 0.05 0.00 0.12 0.03 0.07 0.11 0.06 0.11 0.00 0.00 0.01 0.00 0.00 0.14 0.17 0.05 0.03 0.07 0.03 0.01 0.00 0.00 0.00 0.00 0.00
0.00 0.00 0.00 0.00 0.10 0.00 0.02 0.15 0.01 0.03 0.16 0.00 0.00 0.00 0.05 0.00 0.02 0.07 0.00 0.00 0.01 0.00 0.00 0.00 0.00 0.00 0.02 0.04 0.03 0.07 0.01 0.00 0.00 0.00 0.00 0.00 0.01 0.04 0.00 0.01 0.00 0.01 0.02 0.00 0.00 0.00 0.93 0.00
0.04 0.00 0.02 0.00 0.01 0.00 0.11 0.01 0.20 0.06 0.03 0.04 0.03 0.00 0.02 0.00 0.08 0.03 0.00 0.06 0.02 0.00 0.07 0.00 0.01 0.06 0.10 0.05 0.04 0.04 0.02 0.00 0.00 0.05 0.00 0.06 0.00 0.06 0.02 0.01 0.02 0.16 0.09 0.00 0.01 0.00 0.00 0.00
0.20 0.00 0.01 0.00 0.01 0.00 0.03 0.03 0.13 0.04 0.01 0.03 0.00 0.00 0.01 0.00 0.17 0.09 0.00 0.00 0.08 0.00 0.05 0.00 0.03 0.09 0.14 0.01 0.01 0.02 0.00 0.00 0.00 0.13 0.00 0.24 0.07 0.07 0.13 0.02 0.02 0.18 0.09 0.00 0.00 0.00 0.00 0.00
0.00 0.00 0.00 0.00 0.08 0.00 0.05 0.08 0.07 0.11 0.10 0.05 0.01 0.00 0.45 0.00 0.08 0.01 0.01 0.01 0.01 0.00 0.03 0.00 0.02 0.08 0.05 0.16 0.06 0.09 0.01 0.00 0.02 0.02 0.00 0.05 0.09 0.06 0.07 0.04 0.03 0.02 0.05 0.00 0.01 0.00 0.00 0.24
0.04 0.01 0.01 0.00 0.03 0.00 0.14 0.01 0.08 0.08 0.03 0.04 0.02 0.00 0.14 0.00 0.05 0.02 0.00 0.01 0.06 0.00 0.20 0.00 0.06 0.02 0.03 0.09 0.04 0.02 0.00 0.00 0.03 0.05 0.00 0.08 0.03 0.02 0.05 0.17 0.01 0.02 0.17 0.00 0.02 0.00 0.00 0.03
0.18 0.10 0.04 0.00 0.00 0.00 0.08 0.00 0.03 0.01 0.01 0.02 0.00 0.05 0.01 0.07 0.03 0.05 0.00 0.01 0.21 0.20 0.06 0.48 0.12 0.00 0.03 0.09 0.02 0.01 0.00 0.00 0.01 0.06 0.14 0.06 0.08 0.03 0.01 0.00 0.00 0.05 0.11 0.00 0.05 0.24 0.00 0.05
0.00 0.00 0.00 0.02 0.00 0.01 0.00 0.00 0.00 0.00 0.00 0.00 0.00 0.00 0.00 0.00 0.00 0.00 0.00 0.00 0.00 0.00 0.01 0.00 0.00 0.00 0.00 0.00 0.00 0.00 0.00 0.98 0.54 0.03 0.00 0.00 0.00 0.00 0.00 0.00 0.00 0.00 0.00 0.00 0.14 0.00 0.00 0.00
0.00 0.00 0.00 0.67 0.00 0.51 0.01 0.00 0.00 0.00 0.00 0.00 0.00 0.00 0.00 0.00 0.00 0.00 0.00 0.00 0.02 0.02 0.09 0.00 0.02 0.02 0.02 0.01 0.02 0.00 0.01 0.00 0.11 0.05 0.00 0.02 0.04 0.01 0.01 0.00 0.00 0.00 0.02 0.00 0.13 0.02 0.00 0.00
0.31 0.16 0.08 0.06 0.04 0.03 0.02 0.02 0.02 0.02 0.01 0.01 0.01 0.00 0.00 0.00 0.00 0.00 0.00 0.00 0.00 0.00 0.00 0.00 0.00 0.00 0.03 0.01 0.00 0.01 0.06 0.01 0.01 0.01 0.01 0.01 0.01 0.02 0.35 0.62 0.21 0.05 0.05 0.05 0.05 0.06 0.07 0.35
