-4.045445720233259435e-01 4.831230393782300681e+00 7.781989074328809153e+00
1.312606585739672038e+00 5.575269828150299034e+00 8.148700876425582607e+00
-4.459643311837330759e-01 4.298485364545372889e+00 6.801107697189658019e+00
-1.770527245216570345e+00 4.380807338500402714e+00 7.178205677141444419e+00
-2.293470031835918577e-01 3.844838077875988969e+00 6.498321676820533632e+00
8.374801280987159702e-02 5.278575547554880565e+00 8.465296173944150127e+00
-4.527505719662815453e-01 5.929446637041256629e+00 8.582853604044260010e+00
-5.311766468622377557e-01 3.943252127400900697e+00 6.661315451623742945e+00
-3.040978873892683065e+00 5.669453898695511640e+00 8.154970119930919026e+00
3.174131669186415206e-01 4.341895289044447992e+00 7.431567281423864912e+00
-6.465860550250518424e-01 3.801873535218705857e+00 6.423175408381953666e+00
-1.200808119779878780e+00 7.312445773066079013e+00 1.085451674560751556e+01
-1.009214938498789405e+00 4.329609767722742752e+00 6.850792118312958756e+00
-1.162818757347126919e+00 4.146865874389248141e+00 7.379417285407213534e+00
-1.023734171826234052e+00 4.722269359782680809e+00 7.707004129331910924e+00
1.764030885520165626e+00 5.182106083802704433e+00 7.444719856005880487e+00
2.675208732123079525e+00 8.413996052505479994e+00 1.097118333312134553e+01
-2.573876602973583783e+00 5.131430310829179220e+00 7.615774437677317543e+00
-4.626690425629677583e-01 3.869849407542031106e+00 5.944103273041098312e+00
-2.221503281495048832e+00 5.699003625599437406e+00 7.986265666264843688e+00
