7.144049253062703109e-01 3.687187934351907614e+00 6.230636991908171218e+00
-1.868662138992886745e-01 3.814377670969819611e+00 6.235018135823968244e+00
2.492434193687171895e+00 7.064844705563261051e+00 9.495369223063434561e+00
5.982207847367251863e-02 3.534713106576837127e+00 6.042257559291958735e+00
1.451007445573809118e+00 5.010678937551364953e+00 7.188132569528828952e+00
6.252729958842438984e-01 3.582003324371903830e+00 5.819667970757866904e+00
1.264767138148790382e+00 4.038859926361036301e+00 5.844108310424261710e+00
4.556310983462282804e-01 3.686806144301370658e+00 6.079833161017567100e+00
1.440602103395754729e-01 4.541952423111514925e+00 6.997456763782027522e+00
1.257725412420502620e+00 4.402798312195159269e+00 6.356015094959761136e+00
1.623666025148148506e+00 3.725594669215240629e+00 5.286091538935033363e+00
9.554551722587988349e-01 4.891757359149009332e+00 7.080987007845681802e+00
2.190729184841098132e+00 8.372997751572025749e+00 1.144107566846822444e+01
2.761392821820683796e+00 5.392033148087808314e+00 8.211978704043083610e+00
2.210351404878348802e+00 4.508906327285790994e+00 6.813077852435107218e+00
1.037946359329260382e+00 5.134040299533508822e+00 7.609981421628920550e+00
6.960149248177693870e-01 3.540137086062093985e+00 6.105126874141229898e+00
1.603089666350611564e+00 5.136017994862052127e+00 7.575183680355461746e+00
1.631806567783399720e+00 4.150034393573394098e+00 5.966012716850859654e+00
1.096112106122291596e+00 3.803463595378012485e+00 6.747258172761661399e+00
