1.003922160734408875e+00 3.547648164519508818e+00 5.547404446236083864e+00
-1.651079815594376221e+00 3.697866649786836213e+00 5.573279734859998058e+00
-1.992857547795070960e+00 3.757140896652643391e+00 4.937528287525404735e+00
5.987108028137694271e-01 3.660252582858856574e+00 5.736886644934823032e+00
1.012836309119844680e+00 3.691956761442053647e+00 5.079786630126226221e+00
-1.557649255898346130e+00 4.134095387961841617e+00 5.683942913421645926e+00
4.956390815070965128e-01 3.280863623921047356e+00 5.677433032150394077e+00
-1.584428785089686542e+00 4.229192724017987182e+00 6.212113633367986054e+00
-2.398417548861209614e+00 7.346957498253781083e+00 1.189769744555433917e+01
-2.196845182520257733e+00 1.415762013742437553e+01 1.860200222734798459e+01
1.891736194915480673e-01 3.475462756623680427e+00 5.390210698378601784e+00
1.421567181659722401e+00 4.684356260361353108e+00 6.808784006154516177e+00
-9.721975532546630605e-01 4.007467540186602228e+00 6.424132728678331183e+00
1.080526040207858030e+00 3.548577654070678822e+00 5.362620429417556345e+00
1.212998534754844981e-01 4.026619065760898231e+00 6.800401655591381100e+00
-1.389076500959614879e+00 3.506288939183703768e+00 5.213908429709719350e+00
-1.552640413988358281e+00 3.163803686524898406e+00 4.763136207524772736e+00
-1.841387431431578792e+00 4.263593962709520291e+00 6.579101655314664399e+00
-3.968787135741066452e-01 3.791647405536461957e+00 6.635165056229898717e+00
-1.567791037522194619e+00 4.268150486085844797e+00 6.908152787353922797e+00
