-1.243574048832441381e+00 4.237468172557631974e+00 6.538861571879703405e+00
-1.802263858189980361e+00 4.823311468329405827e+00 6.552351850309827697e+00
-1.583835336754596756e+00 4.096763000666728161e+00 6.103134840833689623e+00
-4.978026721406925148e-01 3.615603327622709973e+00 5.683021387977507111e+00
1.464046146798570272e-02 4.649616877744653820e+00 6.728072175588812875e+00
-2.373733841862179172e+00 5.147259706720689998e+00 7.453992439961302452e+00
6.529717329134923087e-01 3.448699452800973120e+00 5.715285381939757769e+00
-1.885478027287384339e+00 4.099450648354345361e+00 5.885506289493267040e+00
9.793477084558689372e-01 4.417829059021982196e+00 6.497505628512291409e+00
-7.870088251089025766e-01 4.182570922950231029e+00 5.869274449812444061e+00
-1.455244824017074778e+00 4.423153769286636283e+00 6.681987040805582367e+00
-1.781975948458413839e-01 3.917582194491845193e+00 6.327448426061513587e+00
-1.680911829687853576e+00 4.829774532199762938e+00 6.741593511278383133e+00
-1.552571655272929174e+00 3.257917728798362500e+00 4.987070767561366580e+00
-1.589610196716149337e+00 3.334504007415546312e+00 5.504351451987934851e+00
-2.973914919356289044e+00 4.699284948978478482e+00 6.246252971756732997e+00
4.848686741275911594e-01 3.252721263076154390e+00 4.826071993124535275e+00
-5.238686034645667622e-01 4.019938133699124450e+00 5.597539066087542814e+00
-2.184938531674608164e+00 5.281789734890570465e+00 6.872942785654368336e+00
5.427839741837038601e-02 4.149027055776578266e+00 6.523273489876409315e+00
