1.553160128738594326e+00 4.974171733274667773e+00 6.839391890766478355e+00
1.191373312326857503e+00 5.029860896538152382e+00 7.449447916907915967e+00
1.431254021006508559e+00 6.418899201259101517e+00 9.328666868910920229e+00
1.430859046542593882e+00 3.452211106917317363e+00 5.061940370632576069e+00
2.087381460933916966e+00 4.773915310680903801e+00 6.346919683065683770e+00
3.908708904968634656e-01 5.640456834027756550e+00 8.518239859835125216e+00
6.981350963440016155e-01 4.662712638919612296e+00 6.700608010769583345e+00
4.369934635602328865e-01 4.496210326276275815e+00 6.661348960955647769e+00
3.336350678420793248e+00 5.991094921770215187e+00 7.843215863875657057e+00
8.201888057535037246e-01 3.891785067401925424e+00 5.582354655865833237e+00
9.557953668520738910e-01 6.705387546485850336e+00 9.839725802394235998e+00
1.383631956576632627e+00 6.078639683907529623e+00 9.021004919637960029e+00
1.374932386024427133e+00 5.546158576616569746e+00 7.199293679973058246e+00
-4.779922224057558400e-01 6.583894905065401204e+00 9.374648765409197892e+00
1.699121016989674660e+00 4.522870434087312930e+00 5.823447826970835628e+00
2.222968174069377412e+00 7.046945858660703443e+00 9.744421884860665628e+00
3.327122300351811557e+00 6.886179493037420940e+00 8.005937719759360860e+00
-1.578191568384764487e+00 5.805001414802517523e+00 8.309575589826639685e+00
1.385831358858855999e+00 4.259776166490550686e+00 6.538292905576722269e+00
9.553062754059605810e-01 4.454247749290045633e+00 6.218855699032477702e+00
