2.107163095857052859e+00 4.355193780123414626e+00 6.485530388339920904e+00
5.184827080411118061e+00 7.797710403735679030e+00 9.753650543548927132e+00
2.389111883557149874e+00 5.252546156280306633e+00 7.760996248903598627e+00
2.219990145149680849e+00 6.997903483188018470e+00 9.471830757622846875e+00
3.980072918118447323e+00 6.135033013934216406e+00 8.810690102643949473e+00
6.185398661518017871e-01 4.144879163009235867e+00 6.472864374353973993e+00
5.679111639181690485e+00 7.171128590611457021e+00 8.711325606517842601e+00
1.898208809720958845e+00 6.467678495027026742e+00 9.522289596268441514e+00
2.689976043689568996e+00 4.287219458219223789e+00 6.676791574436379051e+00
1.251547012618830612e+00 4.331591851771088741e+00 6.667602166017622345e+00
1.649581635135518365e+00 3.994681827174309419e+00 6.612909741135440278e+00
5.369286655372556005e-01 4.942766170775887424e+00 8.716333880862814354e+00
3.808207063402996972e+00 5.447473676125749620e+00 7.831362346820935016e+00
2.646240902128455197e+00 5.112105262173779252e+00 7.399131324896460526e+00
1.271787483888553227e+00 4.498897727548507142e+00 7.512450582947625577e+00
5.228303759195378930e+00 6.844373048400226089e+00 8.604329425415798482e+00
2.320829549508255152e+00 4.343855297222908085e+00 6.523562706020949342e+00
3.857576991542673639e+00 5.796587874391374129e+00 7.632316257476219334e+00
2.925406375249895774e+00 6.149691274080252512e+00 8.612746794988890287e+00
4.328952835376754571e+00 6.476510660862181190e+00 8.392522443244507357e+00
