3.034729670212203523e+00 5.219913574076647578e+00 8.550372822317822141e+00
2.107150683776356281e+00 5.551914512819434933e+00 8.321649936765306066e+00
1.624720350900122012e+00 4.749956487835268248e+00 7.103964517594244299e+00
-9.021811712024040142e-02 3.589061494648474238e+00 6.506592626431357829e+00
-1.370959643850472531e+00 4.987166166703192793e+00 7.874813171683365809e+00
6.802536705145812990e-01 3.456533847368830514e+00 5.906760816063483688e+00
8.318020437554608515e-01 3.649130292022396027e+00 6.499946110050959014e+00
-1.873411443769054996e+00 5.832116486327499238e+00 8.223637525587866648e+00
-5.753980494638890608e-01 5.275083744701697164e+00 7.812674301005839261e+00
1.485998912627968460e+00 4.170884244935831653e+00 7.760954030869050335e+00
1.748352262069645890e+00 4.763225249629107871e+00 7.460070486766079867e+00
-6.469036786030829544e-01 4.730848398219879236e+00 7.288963366463832472e+00
1.386044757208507693e-02 5.007075910977614619e+00 8.038694739067791417e+00
-6.004928042559917918e-03 3.484167250090038692e+00 6.370601646723911493e+00
-6.971429321140205637e-01 4.547475662609178571e+00 6.980637740378844214e+00
1.174770820933389359e+00 5.359802125830207764e+00 7.795702062380757802e+00
1.896194160169628828e+00 5.072417500036849880e+00 7.304970040846388457e+00
2.131186334153097217e+00 5.685023945343004925e+00 8.313179522574641211e+00
-2.185227228330947735e+00 8.265924597173452071e+00 1.266261936863357462e+01
1.385987568517979440e+00 4.634977601565616112e+00 7.434055512146821698e+00
