1.254748624117989930e+00 3.881711391852443960e+00 6.417821300180105659e+00
5.093914965604139589e+00 6.886441561575151304e+00 7.818956876917835253e+00
1.594775605553014008e+00 4.223247695193895090e+00 6.853505344485928852e+00
-4.968083573493438654e-01 3.724224033667798750e+00 6.329989964943710135e+00
1.115468908872438991e+00 4.177585048285982872e+00 6.466990088647237123e+00
1.922795806366569771e+00 4.746739572764949067e+00 7.989321360104526981e+00
3.529049521473625606e-01 3.311141162036532304e+00 5.317285246817483824e+00
2.182847896544306998e+00 4.298886085880632812e+00 7.615180350396755671e+00
2.903474536105607573e+00 5.302505341515723281e+00 9.228630682020796172e+00
3.093574539979203841e+00 5.576588752490978962e+00 7.543033176091836545e+00
2.361209546188202779e+00 4.092856731248950553e+00 6.860766525245010961e+00
1.170220895112829673e+00 3.501548310066977976e+00 5.351893618187840040e+00
2.298262939887270928e+00 4.337609672167647368e+00 7.626997375129188406e+00
2.281928904128178281e+00 3.978202380749370715e+00 6.296942937039188060e+00
2.950111778495593917e+00 5.790484562821630377e+00 9.041019848273615267e+00
5.546850625375592259e+00 6.721882254718638983e+00 8.513326193112316531e+00
2.036071476986503370e+00 4.253496361704577566e+00 6.740493177694016680e+00
1.821296176871306960e+00 4.286387941032875126e+00 7.238348169964171852e+00
1.499259307079869430e+00 3.961764821183413332e+00 7.240908088636882844e+00
2.856936005554183922e+00 5.124804225437224581e+00 7.597699950968785032e+00
