2.010453450719544913e-02 4.144851804142031249e+00 6.833315118058370885e+00
-2.643030417262198561e+00 5.623361400780390262e+00 7.552924877885726751e+00
6.594829619811366506e-01 4.323734794035497764e+00 6.864162045892452824e+00
9.766076879166104563e-01 4.286697985482923912e+00 6.968689723566683369e+00
1.249632336835298174e+00 5.048946119231854546e+00 7.489332520999916198e+00
-2.320990045047225947e-01 4.729613749116209576e+00 6.915761576328658400e+00
-2.809779669464038676e+00 5.860377578093769024e+00 7.980645202826924134e+00
-1.162650835128937965e+00 3.262621591397969922e+00 5.350426064191422526e+00
-1.850591798283881317e+00 4.909012838667630163e+00 7.137800988651260781e+00
-1.512543955163810461e+00 4.233636430165898190e+00 6.890608406647955597e+00
-5.299354869967562998e-01 3.706991484794416536e+00 5.893008440471299458e+00
6.345904747786029754e-02 3.418355473808707412e+00 5.691314969816792413e+00
-1.100833823766364183e+00 5.486603325050134039e+00 8.040234067739639556e+00
-2.280286739508118554e+00 4.327511636919457061e+00 6.791428464792154784e+00
-1.994874896677792275e+00 3.776328933965530155e+00 6.045777828496626150e+00
-1.450870074720859160e+00 4.406428200739681778e+00 7.023597059373879681e+00
-3.534169989266454648e-01 5.017263814401550448e+00 7.481503831522888781e+00
-2.440015652886624586e+00 4.429223744507246430e+00 6.287094090075315833e+00
-1.710878152717052014e+00 3.905299829197110828e+00 6.025451566091025057e+00
1.017980772651415622e-01 4.900057289751656775e+00 7.616611465041541962e+00
