-1.294400841004481384e+00 4.692240495912766818e+00 7.300747081058513110e+00
-1.160731905462896618e+00 4.777435878415238868e+00 7.760885266689766304e+00
-8.501441801985482050e-01 4.207067145290651844e+00 7.251395759979369693e+00
-3.678759470412582111e+00 5.335515797340888433e+00 6.205903142573395037e+00
-2.726590732487479851e+00 4.640847618678617614e+00 6.475703304098004764e+00
-1.516032978226461214e+00 3.753723209000773053e+00 6.130407644462944283e+00
2.700919607048943849e-01 4.673695991483771905e+00 7.568269946599992082e+00
-1.994826158803831184e+00 5.112367297579045733e+00 6.898183703334423100e+00
-3.502653623320735932e+00 5.195970386825941922e+00 6.602739785423955787e+00
-1.520406216515300057e+00 4.743587496602640563e+00 6.831884043694437025e+00
-1.732900623544423979e+00 5.094846954411260675e+00 6.339096682187325804e+00
-2.616455681650960430e-01 4.978568171520143970e+00 7.705237205612799123e+00
-1.641098507218358982e-01 4.854816135111499342e+00 7.952248269122591751e+00
-6.646685772277393101e-01 3.855782598202243783e+00 6.441252167629122560e+00
-2.339180814652239704e+00 4.626304445823095080e+00 6.244004687510357421e+00
-5.422689108522206203e-01 7.875178452525032569e+00 1.165539532406137191e+01
-2.295880587064905498e+00 4.096972943705992520e+00 6.278641028826846160e+00
-2.473252660297858618e+00 4.599172301159994092e+00 7.097793592933649975e+00
-6.478827195036379605e-01 5.621804452883613301e+00 9.871744450135979676e+00
-1.452745295370587719e+00 5.288568647015104318e+00 8.037975592466947816e+00
