1.459603420626233827e+00 4.023441452140035679e+00 5.468605430836579906e+00
1.059128145307798974e+00 3.736135807080214644e+00 5.589827307893782127e+00
1.756206398811108516e+00 5.154788256317116790e+00 6.892985840145597898e+00
1.624465528304919637e+00 4.017561413155615213e+00 5.987395750467396027e+00
-1.389811478836077419e-01 3.700375237863458455e+00 5.482596942738638290e+00
-2.180392990682181731e-01 4.617322045848997192e+00 6.345918996402195589e+00
1.558511990869074104e+00 4.792288271495778851e+00 6.743817021344597151e+00
-5.997796073710731646e-01 4.098867877770586254e+00 6.232602680616902369e+00
-2.159866847752029417e-01 4.741083699834034881e+00 6.634940930688606464e+00
3.604816126988198421e-01 4.258060031680153124e+00 6.186733451866878397e+00
6.164619628612518776e-01 4.544077136255279648e+00 6.346648270603893138e+00
3.730977420239887987e+00 6.105047428948154220e+00 6.827781204887902966e+00
1.723574222667217493e+00 4.098919607881809313e+00 5.624409427699229802e+00
3.079662035867943626e+00 5.621473149134352809e+00 7.202832303451232043e+00
2.132907740868670576e-01 4.610007493450803295e+00 6.501741583211324560e+00
5.271997077643459928e-01 3.934506807748129553e+00 5.684509115545310465e+00
1.108882911227823120e+00 5.731382000164225055e+00 7.549733546178710064e+00
2.126577127907689935e+00 5.706702317116942424e+00 7.484057657439580069e+00
4.345184623371100563e-01 3.772718483845596715e+00 5.663477334976208866e+00
1.039631598456663308e+00 5.043142906711143070e+00 7.250354645808210208e+00
