2.718863958907806744e+00 7.978788183840469728e+00
2.668332659478521940e+00 7.553841988630296100e+00
2.876424646542681707e+00 9.697305175799471044e+00
3.085713685258387073e+00 7.660231234419121904e+00
-9.249949693483692226e-01 4.719104060480412421e+00
1.871742812983692161e+00 6.534037087065713401e+00
4.062361600951188478e+00 9.371714002859580006e+00
6.987387583533271496e+00 8.134087625025710366e+00
6.064178292558487504e-01 1.035104035903892417e+01
2.663626151792515717e+00 1.134639274919525676e+01
