-8.677834206908440207e-01 4.628430940266844651e+00 6.593285521282896688e+00
-1.127909087282832346e+00 4.840990465118497177e+00 7.431746148468929114e+00
1.582836121771869387e+00 5.097365779135987651e+00 7.523631878944867069e+00
2.519493088202162667e+00 8.443535174097075213e+00 1.105571891070878188e+01
5.497466093897028783e-01 6.596261060898442885e+00 8.958697285537006394e+00
2.672132423927389144e+00 8.066364188432791238e+00 1.055984386914274964e+01
1.427625886342908768e+00 7.515895589400415133e+00 1.055367753078702364e+01
3.350451372837109920e-01 4.584783078639024012e+00 7.561267118633204554e+00
2.351652105008219529e-01 2.132984325319509722e+01 2.476822827743799849e+01
3.635185599694210762e-02 3.698476865082487297e+00 5.873284182325321012e+00
-8.019623701648338487e-01 4.904193719911855709e+00 7.135411523513162990e+00
2.049580556590369973e+00 1.122394750482770576e+01 1.505125395478687622e+01
1.782622125928609247e+00 4.619432517370452906e+00 7.151524755013639378e+00
4.049960932984428830e+00 6.584407821120521476e+00 8.227163396871869594e+00
3.510577232914125378e+00 6.848216292357388824e+00 9.324612111035001760e+00
1.017935109057262810e+00 6.180531479843517140e+00 8.598935307232281389e+00
3.438484668547144185e+00 1.191324226033230715e+01 1.513368890638602160e+01
2.432550438511448476e+00 4.420819283127799260e+00 6.125035841975879691e+00
-3.637423735768052224e-01 6.552021979577034472e+00 1.033559415958810490e+01
3.134163281388780420e-01 7.226097571119804108e+00 1.102569599767113040e+01
