2.355129318387336301e+00 4.524972734863911938e+00 5.626083034822682016e+00
7.097978623931275877e+00 8.458667137880162556e+00 7.070238895950299529e+00
5.346376960165575287e-01 3.330160345263245780e+00 4.988485167598326164e+00
1.565586453588960980e+00 4.355476922630233894e+00 6.035169513260546736e+00
1.567299701086877439e+00 3.914001442101019190e+00 6.061755363660844331e+00
1.224584874278943136e+00 5.396887333027160949e+00 7.632898320130973246e+00
1.308615098485998773e+00 3.954043500466725369e+00 5.632337378961172369e+00
-7.931763515614755899e-01 4.129345015651344042e+00 5.787317889922396041e+00
4.562344607912955374e-01 3.246053393462630776e+00 5.034753058593596009e+00
2.116134390513388031e+00 4.903679775910406491e+00 6.340086083765775093e+00
2.016189117841636236e+00 3.948605225589064016e+00 5.370545857141870272e+00
1.169796285138086755e+00 6.901888172973272617e+00 8.154634003948578069e+00
-6.638675328430216904e-01 4.461753583353764263e+00 6.195480067941042890e+00
5.304589241541416200e+00 6.142125989107669604e+00 5.710297292062185726e+00
1.546429818403094902e+00 4.134668865786956360e+00 5.442251961482914346e+00
1.919839156602878072e+00 5.047914708608415957e+00 6.764646252226657275e+00
-1.833453646333869536e+00 5.230166218046429449e+00 6.778639815696846149e+00
2.326993304727615453e+00 5.533475376670757839e+00 7.247798225617047230e+00
1.473805383749442033e+00 4.040704583618011547e+00 5.367863642233904997e+00
1.579423722739878189e+00 4.119230755925231691e+00 6.024152313622781918e+00
