9.467644024320685803e-02 6.051204564575500378e+00 8.500029767945216364e+00
2.988655315257155998e+00 7.315691688228111111e+00 8.557283500367926621e+00
1.578154292375621992e+00 8.175090128845038606e+00 1.097760437218621021e+01
-1.033616986043041530e+00 3.599313576677548365e+00 5.643600236170859930e+00
-2.771907628685910674e-01 3.370063585227475400e+00 4.962973226240490199e+00
1.918527879163231420e+00 6.478692635676688738e+00 8.783122628973572432e+00
-1.446007528453982782e-01 4.116277535813885891e+00 6.255122659665659057e+00
-7.249050055251738955e-01 3.687195040646105593e+00 5.501308265073142856e+00
-6.331142685810875470e-01 6.790822799000746812e+00 1.031972441713482880e+01
1.313042287485738147e+00 5.238411000638418358e+00 7.515506541907699400e+00
1.078089580026379668e+00 5.341373974222605625e+00 7.886914809901702128e+00
4.586010682577700948e+00 1.388197897856507090e+01 1.702043789453259848e+01
1.133824171690554605e+00 3.790462593795080881e+00 5.175214923338181450e+00
8.442854221125630776e-01 4.361488870395295869e+00 6.404242528640462950e+00
-1.771114093633923803e+00 3.895189766726998570e+00 5.397801555365535187e+00
-1.563203481187394259e-02 7.381543206961892700e+00 1.042340166195734241e+01
2.936682755474240292e-01 6.164540941214393222e+00 8.610310221600141034e+00
-3.470990266029639337e-01 3.900236309786789146e+00 5.935036003539084781e+00
-1.542379341125893699e+00 4.465753686747092388e+00 5.582113775945429346e+00
-1.041279977321411948e-01 3.399437493753794115e+00 5.336300804947462950e+00
